0.15514
0.14642
0.15423
0.16977
-0.02847
0.15264
-0.17916
0.15611
-0.00592
0.15220
0.27332
-0.00574
-0.15880
0.13076
-0.01589
-0.02664
-0.00532
-0.00600
-0.00600
-0.00821
0.14866
0.13446
-0.00600
-0.00816
0.06226
0.15537
-0.03911
0.26826
-0.01579
0.24282
0.18751
0.16900
-0.21704
-0.00552
0.11303
0.17758
-0.01164
-0.01136
-0.06757
0.12659
-0.15496
0.15092
-0.11152
0.11684
0.14628
-0.00607
-0.00104
0.13117
-0.08426
-0.18187
-0.00600
-0.00631
0.42974
-0.00965
0.04059
0.15799
-0.08904
-0.00503
-0.00288
0.17041
-0.06912
-0.01301
-0.07285
0.12820
0.00413
-0.00538
0.13958
-0.00673
-0.01714
-0.00600
-0.11952
0.16299
0.14346
-0.00589
-0.03600
0.53688
-0.02315
-0.06653
-0.21669
-0.19535
-0.33762
-0.05908
0.14294
-0.07217
0.16249
-0.37725
-0.02282
0.31571
-0.00803
0.12523
-0.01116
0.19809
-0.02756
-0.01790
-0.18551
-0.00608
-0.15788
0.16545
0.17362
0.20541
